   2.6883357e-01
   9.1694251e-01
  -1.1294234e+00
   4.3108666e-01
   1.5938262e-01
  -6.5384415e-01
  -2.1679601e-01
   1.7131223e-01
   1.7891985e+00
   1.3847185e+00
  -6.7494347e-01
   1.5174617e+00
   3.6270211e-01
  -3.1527437e-02
   3.5737145e-01
  -1.0248303e-01
  -6.2072174e-02
   7.4484880e-01
   7.0451724e-01
   7.0859621e-01
   3.3574857e-01
  -6.0374346e-01
   3.5861933e-01
   8.1511764e-01
   2.4444689e-01
   4.5173465e+00
   4.3634426e+00
   3.8482795e+00
   4.1469357e+00
   3.6063586e+00
   4.4441978e+00
   3.4264649e+00
   3.4655648e+00
  -1.4047493e+00
  -2.4721421e+00
  -2.8080985e-01
  -8.3740473e-01
  -1.3774642e+00
   2.6851493e+00
   1.1442418e+00
   1.9488788e+00
   1.8792765e+00
   2.1596034e+00
   2.1564293e+00
   1.5675600e+00
   1.9849744e+00
   1.9175605e+00
   2.3138536e+00
   2.5466328e+00
   2.5546366e+00
   1.5681736e+00
   2.0386795e+00
   1.3929415e+00
   1.4432496e+00
   1.9965753e+00
   2.7663152e+00
   1.6151670e+00
   2.1856894e+00
  -2.1127922e+00
  -1.4413219e+00
  -2.5445321e+00
  -1.9837213e+00
  -1.7237365e+00
   1.0503051e+00
   3.7721059e+00
   3.0429656e+00
   2.2542048e+00
   2.6288491e+00
   2.4692091e+00
   4.1752286e+00
   2.6921991e+00
   3.3740384e+00
   2.9037907e+00
   3.4443052e+00
   2.6175754e+00
   2.2988655e+00
   2.2888120e+00
   3.2440970e+00
   2.9113124e+00
   2.9019733e+00
   3.7096551e+00
   3.1457922e+00
   3.0989055e+00
   3.7938495e+00
   2.5977670e+00
   3.3483122e+00
   3.4175441e+00
   2.8781424e+00
   3.1078350e+00
   2.4170780e+00
   2.4260236e+00
   3.0524374e+00
   3.3611270e+00
   4.2927456e+00
   2.6665547e+00
   3.0936655e+00
   2.9587528e+00
   2.0334885e+00
   2.7805169e+00
   2.1026606e+00
   3.4201878e+00
   2.5559840e+00
  -1.1499536e+00
  -1.4722645e+00
  -1.0482396e+00
  -1.5001633e+00
  -9.5501734e-01
  -8.3031844e-01
  -3.4405611e-01
  -1.2970618e+00
  -2.2691776e+00
  -1.6197944e+00
   1.5772972e+00
   3.6392236e-01
   1.3804769e+00
   9.6202490e-01
   1.6183483e+00
  -8.0450000e-02
   8.0115089e-01
   2.9607726e-01
   2.3540040e+00
   1.3126094e+00
   1.5894860e+00
   3.7090987e-01
   6.6569221e-01
   7.6376530e-01
   1.4492123e+00
   7.6106403e-01
   1.2507707e+00
  -1.2590815e-01
   7.2307500e-01
   4.8820674e-01
   1.1147149e-01
   1.1539873e+00
   1.0409920e+00
   9.1673994e-01
   2.3316103e-01
   1.4637461e+00
   1.0750897e+00
   7.5046698e-01
   9.1144490e-01
   7.6900228e-01
   2.4893816e-02
   7.5717451e-01
   4.8431674e-01
   4.1039685e-01
   3.2179917e-01
   6.3322145e-01
  -1.0131787e-01
   1.3821147e+00
   1.1600301e+00
   8.8998607e-01
   8.8261446e-01
   5.0091821e-01
   1.4093426e+00
   8.3339126e-01
   5.4273492e-01
   1.5756929e+00
   7.8761447e-01
   6.0548548e-01
   7.5312320e-01
   4.7603688e-01
   3.3993585e-01
   2.1629998e+00
   1.7277488e+00
   1.0537676e+00
   4.5714408e+00
   4.7672660e+00
   5.1117329e+00
   5.5957080e+00
   4.5339978e+00
   4.0350664e+00
   4.4754514e+00
   5.3667554e+00
   5.3956768e+00
   5.4258397e+00
   5.1348577e+00
   5.2918445e+00
   4.9619235e+00
   5.6310108e+00
   4.5191528e+00
   5.4275148e+00
   4.7756453e+00
   5.0325565e+00
   5.4763917e+00
   5.7195453e+00
   4.6411807e+00
   5.8303294e+00
   5.5300716e+00
   5.1660672e+00
   5.1023894e+00
   5.0911968e+00
   5.0484462e+00
   5.2115228e+00
   2.1256452e+00
   2.5130314e+00
   2.8634883e+00
   2.3334572e+00
   1.9951433e+00
   4.5125952e+00
   4.2916136e+00
   3.6851162e+00
   4.6746109e+00
   4.3535310e+00
   4.2675875e+00
   4.4576232e+00
   4.3307032e+00
  -4.7074289e-01
  -8.1168836e-02
  -7.3027317e-02
  -2.6600569e-01
   8.4105180e-01
  -4.3786467e-01
  -2.4190753e-01
  -3.5600227e-01
  -5.8710617e-01
  -9.6119759e-02
  -1.3703511e-01
   7.6503626e-01
  -1.2451237e-01
  -5.3210671e-01
   8.0172865e-01
   6.1733957e-01
  -1.1481323e-01
  -7.5307985e-01
  -2.2231391e-01
  -7.7970518e-02
   1.3803413e-01
  -1.3058182e-01
   2.2171096e-01
   1.9594710e-01
  -6.2533945e-01
  -4.7398046e-01
  -3.7055305e-01
  -2.5390878e-01
  -1.6028775e-01
   6.2345207e-03
  -1.5145887e+00
  -2.2850732e-01
   6.2122420e-01
  -5.3335070e-01
   4.6686408e-01
   1.7516050e-01
  -1.4502882e-02
   9.1226084e-02
  -7.8252801e-01
  -4.2269740e-02
   8.0197318e-01
   4.9173887e-02
   2.0686807e-02
  -3.6708456e-01
  -1.5406865e-02
   1.1617351e-01
   2.1319378e-01
  -1.8640437e-01
  -1.1822729e-01
